gain= 0.50277114 oorigin= 371.6907 quad= -0.000021537537
lineup= 0 linedown= 509
